477.00431999999995
478.5580800000001
473.89680000000004
475.45056000000005
477.00431999999995
469.23551999999995
470.78927999999996
477.00431999999995
477.00431999999995
472.34304000000003
475.45056000000005
472.34304000000003
475.45056000000005
478.5580800000001
477.00431999999995
480.11184
472.34304000000003
475.45056000000005
475.45056000000005
473.89680000000004
481.6656
469.23551999999995
473.89680000000004
473.89680000000004
477.00431999999995
477.00431999999995
470.78927999999996
472.34304000000003
368.24111999999997
477.00431999999995
