525.2925599999999
519.0760799999999
534.6172799999999
616.9856400000001
519.0760799999999
523.7384400000001
523.7384400000001
520.6302000000001
537.7255200000001
520.6302000000001
640.29744
525.2925599999999
522.1843200000001
533.0631599999999
526.84668
528.4008
520.6302000000001
525.2925599999999
526.84668
522.1843200000001
529.95492
531.5090400000001
529.95492
522.1843200000001
520.6302000000001
526.84668
525.2925599999999
525.2925599999999
536.1714
519.0760799999999
