470.78927999999996
478.5580800000001
472.34304000000003
475.45056000000005
472.34304000000003
475.45056000000005
472.34304000000003
473.89680000000004
477.00431999999995
470.78927999999996
464.57424000000003
475.45056000000005
473.89680000000004
472.34304000000003
477.00431999999995
472.34304000000003
477.00431999999995
473.89680000000004
472.34304000000003
470.78927999999996
466.12800000000004
473.89680000000004
490.98816
473.89680000000004
469.23551999999995
473.89680000000004
470.78927999999996
467.68176000000005
475.45056000000005
473.89680000000004
